{
 "cells": [
  {
   "cell_type": "code",
   "execution_count": 1,
   "metadata": {},
   "outputs": [
    {
     "name": "stdout",
     "output_type": "stream",
     "text": [
      "Column names are OBJECTID, Name, Height, POINT_X, POINT_Y, POINT_Z, Symbol, Pixel_x_17, Pixel_y_17, Pixel_x_3, Pixel_y_3, Pixel_x_Henniker, Pixel_y_Henniker, Pixel_x_DSC_0539, Pixel_y_DSC_0539, Pixel_x_DSC_0518, Pixel_y_DSC_0518, Pixel_x_Broyin, Pixel_y_Broyin, Pixel_x_Tirion, Pixel_y_Tirion, Pixel_x_16, Pixel_y_16, Pixel_x_1, Pixel_y_1, Pixel_x_4, Pixel_y_4, Pixel_x_6, Pixel_y_6, Pixel_x_5, Pixel_y_5, Pixel_x_15, Pixel_y_15, Pixel_x_7, Pixel_y_7, Pixel_x_13, Pixel_y_13, Pixel_x_11, Pixel_y_11\n",
      "393 [0. 0.]\n",
      "393 [106. 386.]\n",
      "393 [0. 0.]\n",
      "393 [150. 410.]\n",
      "393 [156. 416.]\n",
      "393 [188. 387.]\n",
      "393 [0. 0.]\n",
      "393 [197. 351.]\n",
      "393 [0. 0.]\n",
      "393 [243. 402.]\n",
      "393 [485. 385.]\n",
      "393 [242. 369.]\n",
      "393 [0. 0.]\n",
      "393 [100. 409.]\n",
      "393 [334. 389.]\n",
      "393 [318. 374.]\n",
      "393 [543. 434.]\n",
      "393 [281. 431.]\n",
      "393 [403. 388.]\n",
      "393 [467. 419.]\n",
      "393 [339. 374.]\n",
      "393 [365. 374.]\n",
      "393 [587. 411.]\n",
      "393 [737. 430.]\n",
      "393 [0. 0.]\n",
      "393 [497. 409.]\n",
      "393 [0. 0.]\n",
      "393 [0. 0.]\n",
      "393 [0. 0.]\n",
      "393 [613. 436.]\n",
      "393 [677. 434.]\n",
      "393 [704. 432.]\n",
      "393 [542. 387.]\n",
      "393 [576. 398.]\n",
      "393 [523. 386.]\n",
      "393 [517. 392.]\n",
      "393 [625. 408.]\n",
      "393 [625. 429.]\n",
      "393 [156. 377.]\n",
      "393 [0. 0.]\n",
      "Processed 41 lines.\n",
      "442 [{'symbol': 'A', 'pixel': array([0., 0.]), 'pos3d': array([221795.1173, 631010.0791,    803.5   ]), 'name': \"Al-Nabi Dau'd minaret\"}, {'symbol': 'A1', 'pixel': array([106., 386.]), 'pos3d': array([221847.7156, 631136.6861,    801.5   ]), 'name': 'Zion Gate'}, {'symbol': 'A2', 'pixel': array([0., 0.]), 'pos3d': array([221780.1173, 631030.0791,    823.    ]), 'name': 'Dormition Abbey'}, {'symbol': 'B', 'pixel': array([150., 410.]), 'pos3d': array([222186.0104, 631290.5859,    758.    ]), 'name': 'Southeast wall'}, {'symbol': 'B1', 'pixel': array([156., 416.]), 'pos3d': array([222273.7378, 631349.8998,    746.    ]), 'name': 'Moghrabi Gate'}, {'symbol': 'C', 'pixel': array([188., 387.]), 'pos3d': array([221987.2732, 631380.0786,    808.    ]), 'name': 'Omar Caliph minaret'}, {'symbol': 'C1', 'pixel': array([0., 0.]), 'pos3d': array([221987.5735, 631396.8704,    810.    ]), 'name': 'Hourva Synagogue '}, {'symbol': 'D', 'pixel': array([197., 351.]), 'pos3d': array([221668.0523, 631430.8263,    805.5   ]), 'name': \"Al-Qalaa' minaret\"}, {'symbol': 'D1', 'pixel': array([0., 0.]), 'pos3d': array([221804.0676, 631480.8926,    811.    ]), 'name': 'Christ Church'}, {'symbol': 'E', 'pixel': array([243., 402.]), 'pos3d': array([222414.0998, 631467.6233,    769.    ]), 'name': 'Al-Aqsa'}, {'symbol': 'E2', 'pixel': array([485., 385.]), 'pos3d': array([222234.1919, 631920.875 ,    784.5   ]), 'name': 'Al-Ghawanima minaret'}, {'symbol': 'F', 'pixel': array([242., 369.]), 'pos3d': array([221665.7782, 631525.45  ,    814.    ]), 'name': 'David Citadel'}, {'symbol': 'F2', 'pixel': array([0., 0.]), 'pos3d': array([221745.4378, 631566.7618,    812.    ]), 'name': 'Petra Hotel'}, {'symbol': 'G', 'pixel': array([100., 409.]), 'pos3d': array([222100.1588, 631198.2076,    761.    ]), 'name': 'Southeast wall'}, {'symbol': 'H', 'pixel': array([334., 389.]), 'pos3d': array([222314.9013, 631620.0061,    776.    ]), 'name': 'Bab Al-Silsila minaret'}, {'symbol': 'I', 'pixel': array([318., 374.]), 'pos3d': array([221835.42  , 631681.1501,    804.    ]), 'name': 'Al-Omar minaret'}, {'symbol': 'J', 'pixel': array([543., 434.]), 'pos3d': array([222558.8852, 631808.7894,    762.    ]), 'name': 'Golden Gate'}, {'symbol': 'K', 'pixel': array([281., 431.]), 'pos3d': array([222593.5126, 631489.0417,    745.5   ]), 'name': 'Southeast wall'}, {'symbol': 'L', 'pixel': array([403., 388.]), 'pos3d': array([222382.0862, 631701.854 ,    788.5   ]), 'name': 'Harm Al-Sharif'}, {'symbol': 'L1', 'pixel': array([467., 419.]), 'pos3d': array([222458.5771, 631815.6463,    771.    ]), 'name': 'Northeast corner'}, {'symbol': 'M', 'pixel': array([339., 374.]), 'pos3d': array([221838.6525, 631751.7496,    815.    ]), 'name': 'Holy Sepulchre Church'}, {'symbol': 'M1', 'pixel': array([365., 374.]), 'pos3d': array([221818.5331, 631813.2233,    805.    ]), 'name': 'Al-Hanka minaret'}, {'symbol': 'N', 'pixel': array([587., 411.]), 'pos3d': array([222481.9768, 631943.3614,    766.5   ]), 'name': 'Bab Al-Asbat minaret*'}, {'symbol': 'O', 'pixel': array([737., 430.]), 'pos3d': array([222511.0225, 632333.8243,    783.    ]), 'name': 'Northeast wall'}, {'symbol': 'O2', 'pixel': array([0., 0.]), 'pos3d': array([222421.5788, 632405.0113,    807.    ]), 'name': 'Rockefeller Museum'}, {'symbol': 'P', 'pixel': array([497., 409.]), 'pos3d': array([222194.081 , 631960.2298,    785.    ]), 'name': 'Lady of Zion Congregation'}, {'symbol': 'P1', 'pixel': array([0., 0.]), 'pos3d': array([222084.5045, 631959.2697,    783.    ]), 'name': 'Austrian Hospice'}, {'symbol': 'P2', 'pixel': array([0., 0.]), 'pos3d': array([222112.2628, 631917.7619,    778.    ]), 'name': 'St. Mary of Agony Church'}, {'symbol': 'Q', 'pixel': array([0., 0.]), 'pos3d': array([221637.617 , 631816.9599,    832.    ]), 'name': 'Custodia Terrae Sanctae'}, {'symbol': 'R', 'pixel': array([613., 436.]), 'pos3d': array([222537.5035, 632019.6765,    768.    ]), 'name': 'Lions Gate'}, {'symbol': 'R1', 'pixel': array([677., 434.]), 'pos3d': array([222532.756 , 632182.8928,    765.    ]), 'name': 'East wall'}, {'symbol': 'R2', 'pixel': array([704., 432.]), 'pos3d': array([222525.4598, 632247.3434,    765.    ]), 'name': 'East wall'}, {'symbol': 'S', 'pixel': array([542., 387.]), 'pos3d': array([222188.8971, 632064.6022,    796.    ]), 'name': 'Al-Hamra minaret'}, {'symbol': 'T', 'pixel': array([576., 398.]), 'pos3d': array([222036.0579, 632199.5819,    804.    ]), 'name': 'Northern corner wall'}, {'symbol': 'T1', 'pixel': array([523., 386.]), 'pos3d': array([222031.244 , 632147.5037,    805.    ]), 'name': \"Al-Maa'lawiah minaret\"}, {'symbol': 'T2', 'pixel': array([517., 392.]), 'pos3d': array([221919.4624, 632113.5781,    789.    ]), 'name': 'Damascus Gate'}, {'symbol': 'U', 'pixel': array([625., 408.]), 'pos3d': array([222224.2995, 632253.3366,    797.    ]), 'name': \"Herod's Gate\"}, {'symbol': 'V', 'pixel': array([625., 429.]), 'pos3d': array([222494.8131, 632081.4312,    774.    ]), 'name': 'Santa Anna Church'}, {'symbol': 'W', 'pixel': array([156., 377.]), 'pos3d': array([221795.2472, 631316.1586,    815.    ]), 'name': 'St. James Church'}, {'symbol': 'Z', 'pixel': array([0., 0.]), 'pos3d': array([221915.1009, 631674.9414,    823.    ]), 'name': 'Church of the Redeemer'}]\n",
      "Column names are OBJECTID, pointid, grid_code, POINT_X, POINT_Y, POINT_Z\n",
      "Processed 6397 lines.\n",
      "240.46411050333228\n",
      "location id: 6392 - {'grid_code': 8, 'pos3d': array([223374.25292969, 631095.25756836,    733.        ])}\n",
      "0 8 [223374.25292969 631095.25756836    733.        ]\n",
      "Mmask77 29\n",
      "M77 [[-5.89253561e-04 -2.46831760e-03  2.57277103e+00]\n",
      " [-2.06503407e-03 -2.21043230e-03  9.35079518e-01]\n",
      " [-6.94464825e-05  1.13100581e-03 -4.81120873e-01]]\n",
      "black:  Al-Nabi Dau'd minaret\n",
      "black:  Dormition Abbey\n",
      "black:  Hourva Synagogue \n",
      "black:  Christ Church\n",
      "black:  Petra Hotel\n",
      "black:  Rockefeller Museum\n",
      "black:  Austrian Hospice\n",
      "black:  St. Mary of Agony Church\n",
      "black:  Custodia Terrae Sanctae\n",
      "black:  Church of the Redeemer\n",
      "v_3d_direction_norm 0.9999999999999999\n",
      "d_norm: 94.23892624673373\n",
      "\n",
      " \n",
      " real3D: [221847.7156 631136.6861    801.5   ] \n",
      " calc3D: [221855.23428385 631228.90924602    783.63002653] \n",
      "alpha 1525.7273075301534\n",
      "H [[-5.89253561e-04 -2.46831760e-03  2.57277103e+00]\n",
      " [-2.06503407e-03 -2.21043230e-03  9.35079518e-01]\n",
      " [-6.94464825e-05  1.13100581e-03 -4.81120873e-01]]\n",
      "H inv [[-1.55606997e+00 -4.53864695e+02 -8.90426951e+02]\n",
      " [ 2.78936827e+02 -1.21795553e+02  1.25488644e+03]\n",
      " [ 6.55941684e-01 -2.20801420e-01  1.00000000e+00]]\n",
      "p1Calc: [-5.3966758  -2.04590614  1.        ] p1Calc_order: [ 82.1916263  366.14190183   1.        ] \n",
      " p1Real: [106. 386.] \n",
      " real3d: [221847.7156 631136.6861    801.5   ] \n",
      " camera_location: [223374.25292969 631095.25756836    733.        ] \n",
      "\n",
      "distance between real 2d and calc 2d: 31.00294697559578\n",
      "green:  [0, 'A1', 'Zion Gate', 221847.7156, 631136.6861, 106.0, 386.0, 82.1916262982583, 366.1419018320027]\n",
      "v_3d_direction_norm 0.9999999999999999\n",
      "d_norm: 30.96501953681503\n",
      "\n",
      " \n",
      " real3D: [222186.0104 631290.5859    758.    ] \n",
      " calc3D: [222191.74460687 631320.89951934    755.34749386] \n",
      "alpha 1204.0513419554518\n",
      "H [[-5.89253561e-04 -2.46831760e-03  2.57277103e+00]\n",
      " [-2.06503407e-03 -2.21043230e-03  9.35079518e-01]\n",
      " [-6.94464825e-05  1.13100581e-03 -4.81120873e-01]]\n",
      "H inv [[-1.55606997e+00 -4.53864695e+02 -8.90426951e+02]\n",
      " [ 2.78936827e+02 -1.21795553e+02  1.25488644e+03]\n",
      " [ 6.55941684e-01 -2.20801420e-01  1.00000000e+00]]\n",
      "p1Calc: [-5.50444378 -2.16630175  1.        ] p1Calc_order: [136.74977975 406.07353938   1.        ] \n",
      " p1Real: [150. 410.] \n",
      " real3d: [222186.0104 631290.5859    758.    ] \n",
      " camera_location: [223374.25292969 631095.25756836    733.        ] \n",
      "\n",
      "1\n",
      "[ True] [150. 410.] [136.74977975 406.07353938] 13.819747811798592\n",
      "[ True] [-47.52970119   7.81313327] [-52.91458319  10.09696892] 5.849175962923002\n",
      "distance between real 2d and calc 2d: 13.819747811798592\n",
      "green:  [1, 'B', 'Southeast wall', 222186.0104, 631290.5859, 150.0, 410.0, 136.7497797538405, 406.07353937878185]\n",
      "v_3d_direction_norm 0.9999999999999999\n",
      "d_norm: 22.340645013949064\n",
      "\n",
      " \n",
      " real3D: [222273.7378 631349.8998    746.    ] \n",
      " calc3D: [222269.22574778 631328.27076381    749.30614547] \n",
      "alpha 1129.4450462002903\n",
      "H [[-5.89253561e-04 -2.46831760e-03  2.57277103e+00]\n",
      " [-2.06503407e-03 -2.21043230e-03  9.35079518e-01]\n",
      " [-6.94464825e-05  1.13100581e-03 -4.81120873e-01]]\n",
      "H inv [[-1.55606997e+00 -4.53864695e+02 -8.90426951e+02]\n",
      " [ 2.78936827e+02 -1.21795553e+02  1.25488644e+03]\n",
      " [ 6.55941684e-01 -2.20801420e-01  1.00000000e+00]]\n",
      "p1Calc: [-5.68169061 -2.3540628   1.        ] p1Calc_order: [163.94763563 420.43567986   1.        ] \n",
      " p1Real: [156. 416.] \n",
      " real3d: [222273.7378 631349.8998    746.    ] \n",
      " camera_location: [223374.25292969 631095.25756836    733.        ] \n",
      "\n",
      "distance between real 2d and calc 2d: 9.101657428527176\n",
      "green:  [2, 'B1', 'Moghrabi Gate', 222273.7378, 631349.8998, 156.0, 416.0, 163.94763562989036, 420.4356798622941]\n",
      "v_3d_direction_norm 1.0\n",
      "d_norm: 23.002989373264526\n",
      "\n",
      " \n",
      " real3D: [221987.2732 631380.0786    808.    ] \n",
      " calc3D: [221986.29604537 631379.51232304    785.02475203] \n",
      "alpha 1417.7205835808231\n",
      "H [[-5.89253561e-04 -2.46831760e-03  2.57277103e+00]\n",
      " [-2.06503407e-03 -2.21043230e-03  9.35079518e-01]\n",
      " [-6.94464825e-05  1.13100581e-03 -4.81120873e-01]]\n",
      "H inv [[-1.55606997e+00 -4.53864695e+02 -8.90426951e+02]\n",
      " [ 2.78936827e+02 -1.21795553e+02  1.25488644e+03]\n",
      " [ 6.55941684e-01 -2.20801420e-01  1.00000000e+00]]\n",
      "p1Calc: [-5.41339623 -2.02900065  1.        ] p1Calc_order: [215.9977561  364.78257938   1.        ] \n",
      " p1Real: [188. 387.] \n",
      " real3d: [221987.2732 631380.0786    808.    ] \n",
      " camera_location: [223374.25292969 631095.25756836    733.        ] \n",
      "\n",
      "3\n",
      "[ True] [188. 387.] [215.9977561  364.78257938] 35.741965892143504\n",
      "[ True] [-18.49306306   3.79761376] [-26.67877943   5.4638368 ] 8.353577179758314\n",
      "distance between real 2d and calc 2d: 35.741965892143504\n",
      "green:  [3, 'C', 'Omar Caliph minaret', 221987.2732, 631380.0786, 188.0, 387.0, 215.99775610214942, 364.7825793783413]\n",
      "v_3d_direction_norm 1.0\n",
      "d_norm: 76.59210588200764\n",
      "\n",
      " \n",
      " real3D: [221668.0523 631430.8263    805.5   ] \n",
      " calc3D: [221659.40287902 631362.24126316    838.47924987] \n",
      "alpha 1738.7112646202704\n",
      "H [[-5.89253561e-04 -2.46831760e-03  2.57277103e+00]\n",
      " [-2.06503407e-03 -2.21043230e-03  9.35079518e-01]\n",
      " [-6.94464825e-05  1.13100581e-03 -4.81120873e-01]]\n",
      "H inv [[-1.55606997e+00 -4.53864695e+02 -8.90426951e+02]\n",
      " [ 2.78936827e+02 -1.21795553e+02  1.25488644e+03]\n",
      " [ 6.55941684e-01 -2.20801420e-01  1.00000000e+00]]\n",
      "p1Calc: [-5.43005764 -2.05259505  1.        ] p1Calc_order: [191.12332031 379.93225946   1.        ] \n",
      " p1Real: [197. 351.] \n",
      " real3d: [221668.0523 631430.8263    805.5   ] \n",
      " camera_location: [223374.25292969 631095.25756836    733.        ] \n",
      "\n",
      "4\n",
      "[ True] [197. 351.] [191.12332031 379.93225946] 29.523058810029443\n",
      "[ True] [-23.53380179   4.62853423] [-16.25770047   2.53114897] 7.572362594685704\n",
      "distance between real 2d and calc 2d: 29.523058810029443\n",
      "green:  [4, 'D', \"Al-Qalaa' minaret\", 221668.0523, 631430.8263, 197.0, 351.0, 191.1233203073208, 379.93225945705086]\n",
      "v_3d_direction_norm 0.9999999999999999\n",
      "d_norm: 65.34143578430599\n",
      "\n",
      " \n",
      " real3D: [222414.0998 631467.6233    769.    ] \n",
      " calc3D: [222394.28695006 631405.69372523    762.54384193] \n",
      "alpha 1028.3855149303647\n",
      "H [[-5.89253561e-04 -2.46831760e-03  2.57277103e+00]\n",
      " [-2.06503407e-03 -2.21043230e-03  9.35079518e-01]\n",
      " [-6.94464825e-05  1.13100581e-03 -4.81120873e-01]]\n",
      "H inv [[-1.55606997e+00 -4.53864695e+02 -8.90426951e+02]\n",
      " [ 2.78936827e+02 -1.21795553e+02  1.25488644e+03]\n",
      " [ 6.55941684e-01 -2.20801420e-01  1.00000000e+00]]\n",
      "p1Calc: [-5.48143651 -2.06876411  1.        ] p1Calc_order: [295.20425028 396.43401172   1.        ] \n",
      " p1Real: [243. 402.] \n",
      " real3d: [222414.0998 631467.6233    769.    ] \n",
      " camera_location: [223374.25292969 631095.25756836    733.        ] \n",
      "\n",
      "5\n",
      "[ True] [243. 402.] [295.20425028 396.43401172] 52.50013307298356\n",
      "[ True] [-26.67092027  10.34349255] [-33.16988975  10.50764344] 6.5010422077333585\n",
      "distance between real 2d and calc 2d: 52.50013307298356\n",
      "green:  [5, 'E', 'Al-Aqsa', 222414.0998, 631467.6233, 243.0, 402.0, 295.20425027810893, 396.43401171564784]\n",
      "v_3d_direction_norm 1.0\n",
      "d_norm: 39.54724846794608\n",
      "\n",
      " \n",
      " real3D: [222234.1919 631920.875     784.5   ] \n",
      " calc3D: [222214.78451749 631891.09999689    801.84322794] \n",
      "alpha 1408.002684649282\n",
      "H [[-5.89253561e-04 -2.46831760e-03  2.57277103e+00]\n",
      " [-2.06503407e-03 -2.21043230e-03  9.35079518e-01]\n",
      " [-6.94464825e-05  1.13100581e-03 -4.81120873e-01]]\n",
      "H inv [[-1.55606997e+00 -4.53864695e+02 -8.90426951e+02]\n",
      " [ 2.78936827e+02 -1.21795553e+02  1.25488644e+03]\n",
      " [ 6.55941684e-01 -2.20801420e-01  1.00000000e+00]]\n",
      "p1Calc: [-5.51789842 -2.04865779  1.        ] p1Calc_order: [476.66322428 402.83454814   1.        ] \n",
      " p1Real: [485. 385.] \n",
      " real3d: [222234.1919 631920.875     784.5   ] \n",
      " camera_location: [223374.25292969 631095.25756836    733.        ] \n",
      "\n",
      "distance between real 2d and calc 2d: 19.686872190233284\n",
      "green:  [6, 'E2', 'Al-Ghawanima minaret', 222234.1919, 631920.875, 485.0, 385.0, 476.6632242812724, 402.8345481369788]\n",
      "v_3d_direction_norm 1.0\n",
      "d_norm: 9.947197753905701\n",
      "\n",
      " \n",
      " real3D: [221665.7782 631525.45      814.    ] \n",
      " calc3D: [221665.6583176  631522.93209123    823.62250003] \n",
      "alpha 1763.6364374435148\n",
      "H [[-5.89253561e-04 -2.46831760e-03  2.57277103e+00]\n",
      " [-2.06503407e-03 -2.21043230e-03  9.35079518e-01]\n",
      " [-6.94464825e-05  1.13100581e-03 -4.81120873e-01]]\n",
      "H inv [[-1.55606997e+00 -4.53864695e+02 -8.90426951e+02]\n",
      " [ 2.78936827e+02 -1.21795553e+02  1.25488644e+03]\n",
      " [ 6.55941684e-01 -2.20801420e-01  1.00000000e+00]]\n",
      "p1Calc: [-5.43036898 -2.04137567  1.        ] p1Calc_order: [233.30186323 376.59843526   1.        ] \n",
      " p1Real: [242. 369.] \n",
      " real3d: [221665.7782 631525.45      814.    ] \n",
      " camera_location: [223374.25292969 631095.25756836    733.        ] \n",
      "\n",
      "7\n",
      "[ True] [242. 369.] [233.30186323 376.59843526] 11.549623443352019\n",
      "[ True] [-21.09228061   5.31101767] [-18.85397789   4.71929733] 2.315195894771754\n",
      "distance between real 2d and calc 2d: 11.549623443352019\n",
      "green:  [7, 'F', 'David Citadel', 221665.7782, 631525.45, 242.0, 369.0, 233.30186322943393, 376.5984352602199]\n",
      "v_3d_direction_norm 1.0\n",
      "d_norm: 45.840631943823595\n",
      "\n",
      " \n",
      " real3D: [222100.1588 631198.2076    761.    ] \n",
      " calc3D: [222105.30808109 631243.29151122    754.4969707 ] \n",
      "alpha 1277.731269391935\n",
      "H [[-5.89253561e-04 -2.46831760e-03  2.57277103e+00]\n",
      " [-2.06503407e-03 -2.21043230e-03  9.35079518e-01]\n",
      " [-6.94464825e-05  1.13100581e-03 -4.81120873e-01]]\n",
      "H inv [[-1.55606997e+00 -4.53864695e+02 -8.90426951e+02]\n",
      " [ 2.78936827e+02 -1.21795553e+02  1.25488644e+03]\n",
      " [ 6.55941684e-01 -2.20801420e-01  1.00000000e+00]]\n",
      "p1Calc: [-5.46748771 -2.15473437  1.        ] p1Calc_order: [ 83.89869621 400.73287393   1.        ] \n",
      " p1Real: [100. 409.] \n",
      " real3d: [222100.1588 631198.2076    761.    ] \n",
      " camera_location: [223374.25292969 631095.25756836    733.        ] \n",
      "\n",
      "distance between real 2d and calc 2d: 18.09965075110779\n",
      "green:  [8, 'G', 'Southeast wall', 222100.1588, 631198.2076, 100.0, 409.0, 83.89869620597834, 400.73287393076043]\n",
      "v_3d_direction_norm 1.0\n",
      "d_norm: 59.907072166430424\n",
      "\n",
      " \n",
      " real3D: [222314.9013 631620.0061    776.    ] \n",
      " calc3D: [222291.41643725 631565.2464096     782.22051645] \n",
      "alpha 1181.4597070933066\n",
      "H [[-5.89253561e-04 -2.46831760e-03  2.57277103e+00]\n",
      " [-2.06503407e-03 -2.21043230e-03  9.35079518e-01]\n",
      " [-6.94464825e-05  1.13100581e-03 -4.81120873e-01]]\n",
      "H inv [[-1.55606997e+00 -4.53864695e+02 -8.90426951e+02]\n",
      " [ 2.78936827e+02 -1.21795553e+02  1.25488644e+03]\n",
      " [ 6.55941684e-01 -2.20801420e-01  1.00000000e+00]]\n",
      "p1Calc: [-5.49210278 -2.05962819  1.        ] p1Calc_order: [357.9407633  397.84934213   1.        ] \n",
      " p1Real: [334. 389.] \n",
      " real3d: [222314.9013 631620.0061    776.    ] \n",
      " camera_location: [223374.25292969 631095.25756836    733.        ] \n",
      "\n",
      "9\n",
      "[ True] [334. 389.] [357.9407633  397.84934213] 25.523930012051746\n",
      "[ True] [-24.63608441  12.20345422] [-21.9996979    9.54863693] 3.741468784837516\n",
      "distance between real 2d and calc 2d: 25.523930012051746\n",
      "green:  [9, 'H', 'Bab Al-Silsila minaret', 222314.9013, 631620.0061, 334.0, 389.0, 357.9407632963622, 397.84934212513406]\n",
      "v_3d_direction_norm 1.0\n",
      "d_norm: 15.893815167364638\n",
      "\n",
      " \n",
      " real3D: [221835.42   631681.1501    804.    ] \n",
      " calc3D: [221833.155467   631673.13106198    817.53441096] \n",
      "alpha 1648.0489163742154\n",
      "H [[-5.89253561e-04 -2.46831760e-03  2.57277103e+00]\n",
      " [-2.06503407e-03 -2.21043230e-03  9.35079518e-01]\n",
      " [-6.94464825e-05  1.13100581e-03 -4.81120873e-01]]\n",
      "H inv [[-1.55606997e+00 -4.53864695e+02 -8.90426951e+02]\n",
      " [ 2.78936827e+02 -1.21795553e+02  1.25488644e+03]\n",
      " [ 6.55941684e-01 -2.20801420e-01  1.00000000e+00]]\n",
      "p1Calc: [-5.45453633 -2.0447192   1.        ] p1Calc_order: [306.00940667 385.38901834   1.        ] \n",
      " p1Real: [318. 374.] \n",
      " real3d: [221835.42   631681.1501    804.    ] \n",
      " camera_location: [223374.25292969 631095.25756836    733.        ] \n",
      "\n",
      "10\n",
      "[ True] [318. 374.] [306.00940667 385.38901834] 16.53735369306809\n",
      "[ True] [-21.67370324   8.25200749] [-18.23041582   6.83595576] 3.723094242726683\n",
      "distance between real 2d and calc 2d: 16.53735369306809\n",
      "green:  [10, 'I', 'Al-Omar minaret', 221835.42, 631681.1501, 318.0, 374.0, 306.0094066687733, 385.3890183393818]\n",
      "v_3d_direction_norm 1.0\n",
      "d_norm: 56.28841680581881\n",
      "\n",
      " \n",
      " real3D: [222558.8852 631808.7894    762.    ] \n",
      " calc3D: [222597.23565583 631848.60381042    751.39617392] \n",
      "alpha 1082.4161969934169\n",
      "H [[-5.89253561e-04 -2.46831760e-03  2.57277103e+00]\n",
      " [-2.06503407e-03 -2.21043230e-03  9.35079518e-01]\n",
      " [-6.94464825e-05  1.13100581e-03 -4.81120873e-01]]\n",
      "H inv [[-1.55606997e+00 -4.53864695e+02 -8.90426951e+02]\n",
      " [ 2.78936827e+02 -1.21795553e+02  1.25488644e+03]\n",
      " [ 6.55941684e-01 -2.20801420e-01  1.00000000e+00]]\n",
      "p1Calc: [-5.60243797 -2.0799236   1.        ] p1Calc_order: [525.18796851 418.98810278   1.        ] \n",
      " p1Real: [543. 434.] \n",
      " real3d: [222558.8852 631808.7894    762.    ] \n",
      " camera_location: [223374.25292969 631095.25756836    733.        ] \n",
      "\n",
      "11\n",
      "[ True] [543. 434.] [525.18796851 418.98810278] 23.294323856299265\n",
      "[ True] [-28.11612861  24.60454592] [-42.23798259  40.95124591] 21.60188326296706\n",
      "distance between real 2d and calc 2d: 23.294323856299265\n",
      "green:  [11, 'J', 'Golden Gate', 222558.8852, 631808.7894, 543.0, 434.0, 525.1879685148104, 418.98810277503975]\n",
      "v_3d_direction_norm 1.0\n",
      "d_norm: 42.55278639706236\n",
      "\n",
      " \n",
      " real3D: [222593.5126 631489.0417    745.5   ] \n",
      " calc3D: [222576.27627915 631450.41803883    740.82435336] \n",
      "alpha 873.4797737225095\n",
      "H [[-5.89253561e-04 -2.46831760e-03  2.57277103e+00]\n",
      " [-2.06503407e-03 -2.21043230e-03  9.35079518e-01]\n",
      " [-6.94464825e-05  1.13100581e-03 -4.81120873e-01]]\n",
      "H inv [[-1.55606997e+00 -4.53864695e+02 -8.90426951e+02]\n",
      " [ 2.78936827e+02 -1.21795553e+02  1.25488644e+03]\n",
      " [ 6.55941684e-01 -2.20801420e-01  1.00000000e+00]]\n",
      "p1Calc: [-5.73908275 -2.25414789  1.        ] p1Calc_order: [321.59970176 426.29705556   1.        ] \n",
      " p1Real: [281. 431.] \n",
      " real3d: [222593.5126 631489.0417    745.5   ] \n",
      " camera_location: [223374.25292969 631095.25756836    733.        ] \n",
      "\n",
      "distance between real 2d and calc 2d: 40.8711814006832\n",
      "green:  [12, 'K', 'Southeast wall', 222593.5126, 631489.0417, 281.0, 431.0, 321.5997017562423, 426.2970555614885]\n",
      "v_3d_direction_norm 1.0\n",
      "d_norm: 55.35736440173456\n",
      "\n",
      " \n",
      " real3D: [222382.0862 631701.854     788.5   ] \n",
      " calc3D: [222355.4027427  631653.48030295    784.97631818] \n",
      "alpha 1162.9143831703586\n",
      "H [[-5.89253561e-04 -2.46831760e-03  2.57277103e+00]\n",
      " [-2.06503407e-03 -2.21043230e-03  9.35079518e-01]\n",
      " [-6.94464825e-05  1.13100581e-03 -4.81120873e-01]]\n",
      "H inv [[-1.55606997e+00 -4.53864695e+02 -8.90426951e+02]\n",
      " [ 2.78936827e+02 -1.21795553e+02  1.25488644e+03]\n",
      " [ 6.55941684e-01 -2.20801420e-01  1.00000000e+00]]\n",
      "p1Calc: [-5.46787045 -2.02738045  1.        ] p1Calc_order: [443.1834986  385.31355285   1.        ] \n",
      " p1Real: [403. 388.] \n",
      " real3d: [222382.0862 631701.854     788.5   ] \n",
      " camera_location: [223374.25292969 631095.25756836    733.        ] \n",
      "\n",
      "13\n",
      "[ True] [403. 388.] [443.1834986  385.31355285] 40.273199004933716\n",
      "[ True] [-17.87687801  10.92966543] [-19.60220005  10.73994377] 1.7357218828126204\n",
      "distance between real 2d and calc 2d: 40.273199004933716\n",
      "green:  [13, 'L', 'Harm Al-Sharif', 222382.0862, 631701.854, 403.0, 388.0, 443.1834986007228, 385.3135528487051]\n",
      "v_3d_direction_norm 1.0\n",
      "d_norm: 23.924113684249136\n",
      "\n",
      " \n",
      " real3D: [222458.5771 631815.6463    771.    ] \n",
      " calc3D: [222444.98866877 631798.0453637     762.1724979 ] \n",
      "alpha 1165.4586163966287\n",
      "H [[-5.89253561e-04 -2.46831760e-03  2.57277103e+00]\n",
      " [-2.06503407e-03 -2.21043230e-03  9.35079518e-01]\n",
      " [-6.94464825e-05  1.13100581e-03 -4.81120873e-01]]\n",
      "H inv [[-1.55606997e+00 -4.53864695e+02 -8.90426951e+02]\n",
      " [ 2.78936827e+02 -1.21795553e+02  1.25488644e+03]\n",
      " [ 6.55941684e-01 -2.20801420e-01  1.00000000e+00]]\n",
      "p1Calc: [-5.5461613 -2.0587831  1.       ] p1Calc_order: [497.95478137 409.41266107   1.        ] \n",
      " p1Real: [467. 419.] \n",
      " real3d: [222458.5771 631815.6463    771.    ] \n",
      " camera_location: [223374.25292969 631095.25756836    733.        ] \n",
      "\n",
      "14\n",
      "[ True] [467. 419.] [497.95478137 409.41266107] 32.40548652858853\n",
      "[ True] [-24.09673236  18.9575982 ] [-31.85412042  24.09076514] 9.301960669153623\n",
      "distance between real 2d and calc 2d: 32.40548652858853\n",
      "green:  [14, 'L1', 'Northeast corner', 222458.5771, 631815.6463, 467.0, 419.0, 497.9547813666252, 409.41266107311486]\n",
      "v_3d_direction_norm 0.9999999999999999\n",
      "d_norm: 28.08635595866426\n",
      "\n",
      " \n",
      " real3D: [221838.6525 631751.7496    815.    ] \n",
      " calc3D: [221828.46015688 631726.07374788    820.07051779] \n",
      "alpha 1671.821050194373\n",
      "H [[-5.89253561e-04 -2.46831760e-03  2.57277103e+00]\n",
      " [-2.06503407e-03 -2.21043230e-03  9.35079518e-01]\n",
      " [-6.94464825e-05  1.13100581e-03 -4.81120873e-01]]\n",
      "H inv [[-1.55606997e+00 -4.53864695e+02 -8.90426951e+02]\n",
      " [ 2.78936827e+02 -1.21795553e+02  1.25488644e+03]\n",
      " [ 6.55941684e-01 -2.20801420e-01  1.00000000e+00]]\n",
      "p1Calc: [-5.44654266 -2.03085037  1.        ] p1Calc_order: [344.40069369 378.79419587   1.        ] \n",
      " p1Real: [339. 374.] \n",
      " real3d: [221838.6525 631751.7496    815.    ] \n",
      " camera_location: [223374.25292969 631095.25756836    733.        ] \n",
      "\n",
      "15\n",
      "[ True] [339. 374.] [344.40069369 378.79419587] 7.221620761845404\n",
      "[ True] [-18.72683451   8.00600039] [-17.75334306   7.24488834] 1.235709163710524\n",
      "distance between real 2d and calc 2d: 7.221620761845404\n",
      "green:  [15, 'M', 'Holy Sepulchre Church', 221838.6525, 631751.7496, 339.0, 374.0, 344.40069369478755, 378.79419587032055]\n",
      "v_3d_direction_norm 1.0\n",
      "d_norm: 25.08178161377216\n",
      "\n",
      " \n",
      " real3D: [221818.5331 631813.2233    805.    ] \n",
      " calc3D: [221812.67690017 631797.76581931    823.864437  ] \n",
      "alpha 1714.728516274274\n",
      "H [[-5.89253561e-04 -2.46831760e-03  2.57277103e+00]\n",
      " [-2.06503407e-03 -2.21043230e-03  9.35079518e-01]\n",
      " [-6.94464825e-05  1.13100581e-03 -4.81120873e-01]]\n",
      "H inv [[-1.55606997e+00 -4.53864695e+02 -8.90426951e+02]\n",
      " [ 2.78936827e+02 -1.21795553e+02  1.25488644e+03]\n",
      " [ 6.55941684e-01 -2.20801420e-01  1.00000000e+00]]\n",
      "p1Calc: [-5.46798812 -2.04478102  1.        ] p1Calc_order: [350.09301029 389.38113324   1.        ] \n",
      " p1Real: [365. 374.] \n",
      " real3d: [221818.5331 631813.2233    805.    ] \n",
      " camera_location: [223374.25292969 631095.25756836    733.        ] \n",
      "\n",
      "16\n",
      "[ True] [365. 374.] [350.09301029 389.38113324] 21.41956119708021\n",
      "[ True] [-21.60721986   9.97174627] [-17.18577786   7.73138836] 4.956647345067252\n",
      "distance between real 2d and calc 2d: 21.41956119708021\n",
      "green:  [16, 'M1', 'Al-Hanka minaret', 221818.5331, 631813.2233, 365.0, 374.0, 350.09301028975267, 389.3811332369902]\n",
      "v_3d_direction_norm 1.0\n",
      "d_norm: 19.17466228592902\n",
      "\n",
      " \n",
      " real3D: [222481.9768 631943.3614    766.5   ] \n",
      " calc3D: [222494.38155258 631955.66677666    774.39730919] \n",
      "alpha 1231.3372337340882\n",
      "H [[-5.89253561e-04 -2.46831760e-03  2.57277103e+00]\n",
      " [-2.06503407e-03 -2.21043230e-03  9.35079518e-01]\n",
      " [-6.94464825e-05  1.13100581e-03 -4.81120873e-01]]\n",
      "H inv [[-1.55606997e+00 -4.53864695e+02 -8.90426951e+02]\n",
      " [ 2.78936827e+02 -1.21795553e+02  1.25488644e+03]\n",
      " [ 6.55941684e-01 -2.20801420e-01  1.00000000e+00]]\n",
      "p1Calc: [-5.60533408 -2.07288648  1.        ] p1Calc_order: [559.32454466 419.65756344   1.        ] \n",
      " p1Real: [587. 411.] \n",
      " real3d: [222481.9768 631943.3614    766.5   ] \n",
      " camera_location: [223374.25292969 631095.25756836    733.        ] \n",
      "\n",
      "17\n",
      "[ True] [587. 411.] [559.32454466 419.65756344] 28.998003944437727\n",
      "[ True] [-26.63510835  25.31653229] [-21.25431325  20.784182  ] 7.03527931877257\n",
      "distance between real 2d and calc 2d: 28.998003944437727\n",
      "green:  [17, 'N', 'Bab Al-Asbat minaret*', 222481.9768, 631943.3614, 587.0, 411.0, 559.3245446641164, 419.65756343974084]\n",
      "v_3d_direction_norm 0.9999999999999999\n",
      "d_norm: 13.547439648389462\n",
      "\n",
      " \n",
      " real3D: [222511.0225 632333.8243    783.    ] \n",
      " calc3D: [222507.78428117 632331.94481037    769.98022356] \n",
      "alpha 1510.4736973361498\n",
      "H [[-5.89253561e-04 -2.46831760e-03  2.57277103e+00]\n",
      " [-2.06503407e-03 -2.21043230e-03  9.35079518e-01]\n",
      " [-6.94464825e-05  1.13100581e-03 -4.81120873e-01]]\n",
      "H inv [[-1.55606997e+00 -4.53864695e+02 -8.90426951e+02]\n",
      " [ 2.78936827e+02 -1.21795553e+02  1.25488644e+03]\n",
      " [ 6.55941684e-01 -2.20801420e-01  1.00000000e+00]]\n",
      "p1Calc: [-5.5803733  -2.02692023  1.        ] p1Calc_order: [766.51275914 416.47690114   1.        ] \n",
      " p1Real: [737. 430.] \n",
      " real3d: [222511.0225 632333.8243    783.    ] \n",
      " camera_location: [223374.25292969 631095.25756836    733.        ] \n",
      "\n",
      "18\n",
      "[ True] [737. 430.] [766.51275914 416.47690114] 32.46347416542616\n",
      "[ True] [-17.26460859  24.77133463] [-23.4305952   33.44185413] 10.639421938821881\n",
      "distance between real 2d and calc 2d: 32.46347416542616\n",
      "green:  [18, 'O', 'Northeast wall', 222511.0225, 632333.8243, 737.0, 430.0, 766.5127591397694, 416.4769011374149]\n",
      "v_3d_direction_norm 0.9999999999999999\n",
      "d_norm: 47.13272999676128\n",
      "\n",
      " \n",
      " real3D: [222194.081  631960.2298    785.    ] \n",
      " calc3D: [222222.94721661 631997.28225487    781.08191835] \n",
      "alpha 1463.374610581538\n",
      "H [[-5.89253561e-04 -2.46831760e-03  2.57277103e+00]\n",
      " [-2.06503407e-03 -2.21043230e-03  9.35079518e-01]\n",
      " [-6.94464825e-05  1.13100581e-03 -4.81120873e-01]]\n",
      "H inv [[-1.55606997e+00 -4.53864695e+02 -8.90426951e+02]\n",
      " [ 2.78936827e+02 -1.21795553e+02  1.25488644e+03]\n",
      " [ 6.55941684e-01 -2.20801420e-01  1.00000000e+00]]\n"
     ]
    },
    {
     "name": "stdout",
     "output_type": "stream",
     "text": [
      "p1Calc: [-5.52401193 -2.05147298  1.        ] p1Calc_order: [478.63414318 404.42954454   1.        ] \n",
      " p1Real: [497. 409.] \n",
      " real3d: [222194.081  631960.2298    785.    ] \n",
      " camera_location: [223374.25292969 631095.25756836    733.        ] \n",
      "\n",
      "19\n",
      "[ True] [497. 409.] [478.63414318 404.42954454] 18.92600750217867\n",
      "[ True] [-22.69561403  16.63408138] [-23.94467094  18.76016427] 2.4658409566640214\n",
      "distance between real 2d and calc 2d: 18.92600750217867\n",
      "green:  [19, 'P', 'Lady of Zion Congregation', 222194.081, 631960.2298, 497.0, 409.0, 478.63414317598654, 404.42954454213134]\n",
      "v_3d_direction_norm 1.0\n",
      "d_norm: 23.391203668538875\n",
      "\n",
      " \n",
      " real3D: [222537.5035 632019.6765    768.    ] \n",
      " calc3D: [222552.04168388 632032.73092518    755.14031098] \n",
      "alpha 1247.1478744915523\n",
      "H [[-5.89253561e-04 -2.46831760e-03  2.57277103e+00]\n",
      " [-2.06503407e-03 -2.21043230e-03  9.35079518e-01]\n",
      " [-6.94464825e-05  1.13100581e-03 -4.81120873e-01]]\n",
      "H inv [[-1.55606997e+00 -4.53864695e+02 -8.90426951e+02]\n",
      " [ 2.78936827e+02 -1.21795553e+02  1.25488644e+03]\n",
      " [ 6.55941684e-01 -2.20801420e-01  1.00000000e+00]]\n",
      "p1Calc: [-5.60882933 -2.05980946  1.        ] p1Calc_order: [625.96329367 420.72585976   1.        ] \n",
      " p1Real: [613. 436.] \n",
      " real3d: [222537.5035 632019.6765    768.    ] \n",
      " camera_location: [223374.25292969 631095.25756836    733.        ] \n",
      "\n",
      "20\n",
      "[ True] [613. 436.] [625.96329367 420.72585976] 20.033630298077558\n",
      "[ True] [-23.90712656  26.41196948] [-37.13639101  42.34237529] 20.707275711948927\n",
      "distance between real 2d and calc 2d: 20.033630298077558\n",
      "green:  [20, 'R', 'Lions Gate', 222537.5035, 632019.6765, 613.0, 436.0, 625.9632936681385, 420.7258597559911]\n",
      "v_3d_direction_norm 1.0\n",
      "d_norm: 3.7533284898822328\n",
      "\n",
      " \n",
      " real3D: [222532.756  632182.8928    765.    ] \n",
      " calc3D: [222531.66542714 632182.13939136    761.48851869] \n",
      "alpha 1375.5280412644336\n",
      "H [[-5.89253561e-04 -2.46831760e-03  2.57277103e+00]\n",
      " [-2.06503407e-03 -2.21043230e-03  9.35079518e-01]\n",
      " [-6.94464825e-05  1.13100581e-03 -4.81120873e-01]]\n",
      "H inv [[-1.55606997e+00 -4.53864695e+02 -8.90426951e+02]\n",
      " [ 2.78936827e+02 -1.21795553e+02  1.25488644e+03]\n",
      " [ 6.55941684e-01 -2.20801420e-01  1.00000000e+00]]\n",
      "p1Calc: [-5.68073678 -2.07382741  1.        ] p1Calc_order: [685.18195772 430.24179744   1.        ] \n",
      " p1Real: [677. 434.] \n",
      " real3d: [222532.756  632182.8928    765.    ] \n",
      " camera_location: [223374.25292969 631095.25756836    733.        ] \n",
      "\n",
      "21\n",
      "[ True] [677. 434.] [685.18195772 430.24179744] 9.003805786585763\n",
      "[ True] [-26.29677905  33.98860099] [-29.57638871  38.1515738 ] 5.299639810904527\n",
      "distance between real 2d and calc 2d: 9.003805786585763\n",
      "green:  [21, 'R1', 'East wall', 222532.756, 632182.8928, 677.0, 434.0, 685.1819577239329, 430.24179744474435]\n",
      "v_3d_direction_norm 0.9999999999999999\n",
      "d_norm: 3.750136558783111\n",
      "\n",
      " \n",
      " real3D: [222525.4598 632247.3434    765.    ] \n",
      " calc3D: [222522.46149015 632245.11338932    765.3173557 ] \n",
      "alpha 1431.3495299707795\n",
      "H [[-5.89253561e-04 -2.46831760e-03  2.57277103e+00]\n",
      " [-2.06503407e-03 -2.21043230e-03  9.35079518e-01]\n",
      " [-6.94464825e-05  1.13100581e-03 -4.81120873e-01]]\n",
      "H inv [[-1.55606997e+00 -4.53864695e+02 -8.90426951e+02]\n",
      " [ 2.78936827e+02 -1.21795553e+02  1.25488644e+03]\n",
      " [ 6.55941684e-01 -2.20801420e-01  1.00000000e+00]]\n",
      "p1Calc: [-5.69941902 -2.07559624  1.        ] p1Calc_order: [705.9877203  432.42780867   1.        ] \n",
      " p1Real: [704. 432.] \n",
      " real3d: [222525.4598 632247.3434    765.    ] \n",
      " camera_location: [223374.25292969 631095.25756836    733.        ] \n",
      "\n",
      "22\n",
      "[ True] [704. 432.] [705.9877203  432.42780867] 2.0332368891644945\n",
      "[ True] [-26.5247853   36.00268224] [-26.35708959  35.58013322] 0.45460920169896507\n",
      "distance between real 2d and calc 2d: 2.0332368891644945\n",
      "green:  [22, 'R2', 'East wall', 222525.4598, 632247.3434, 704.0, 432.0, 705.9877203005132, 432.4278086656289]\n",
      "v_3d_direction_norm 1.0\n",
      "d_norm: 19.504126329713113\n",
      "\n",
      " \n",
      " real3D: [222188.8971 632064.6022    796.    ] \n",
      " calc3D: [222179.54455577 632052.01903305    807.60192958] \n",
      "alpha 1532.4118398526816\n",
      "H [[-5.89253561e-04 -2.46831760e-03  2.57277103e+00]\n",
      " [-2.06503407e-03 -2.21043230e-03  9.35079518e-01]\n",
      " [-6.94464825e-05  1.13100581e-03 -4.81120873e-01]]\n",
      "H inv [[-1.55606997e+00 -4.53864695e+02 -8.90426951e+02]\n",
      " [ 2.78936827e+02 -1.21795553e+02  1.25488644e+03]\n",
      " [ 6.55941684e-01 -2.20801420e-01  1.00000000e+00]]\n",
      "p1Calc: [-5.50565047 -2.03265195  1.        ] p1Calc_order: [532.22766417 398.08372128   1.        ] \n",
      " p1Real: [542. 387.] \n",
      " real3d: [222188.8971 632064.6022    796.    ] \n",
      " camera_location: [223374.25292969 631095.25756836    733.        ] \n",
      "\n",
      "23\n",
      "[ True] [542. 387.] [532.22766417 398.08372128] 14.776583666969449\n",
      "[ True] [-18.8151719   15.38642272] [-16.01444333  12.82488898] 3.7954625027301483\n",
      "distance between real 2d and calc 2d: 14.776583666969449\n",
      "green:  [23, 'S', 'Al-Hamra minaret', 222188.8971, 632064.6022, 542.0, 387.0, 532.2276641739373, 398.0837212780546]\n",
      "v_3d_direction_norm 1.0\n",
      "d_norm: 80.69007188123355\n",
      "\n",
      " \n",
      " real3D: [222036.0579 632199.5819    804.    ] \n",
      " calc3D: [222090.29779283 632259.29359837    805.85332247] \n",
      "alpha 1734.5974401092546\n",
      "H [[-5.89253561e-04 -2.46831760e-03  2.57277103e+00]\n",
      " [-2.06503407e-03 -2.21043230e-03  9.35079518e-01]\n",
      " [-6.94464825e-05  1.13100581e-03 -4.81120873e-01]]\n",
      "H inv [[-1.55606997e+00 -4.53864695e+02 -8.90426951e+02]\n",
      " [ 2.78936827e+02 -1.21795553e+02  1.25488644e+03]\n",
      " [ 6.55941684e-01 -2.20801420e-01  1.00000000e+00]]\n",
      "p1Calc: [-5.50708066 -2.03283984  1.        ] p1Calc_order: [535.26001365 398.50660568   1.        ] \n",
      " p1Real: [576. 398.] \n",
      " real3d: [222036.0579 632199.5819    804.    ] \n",
      " camera_location: [223374.25292969 631095.25756836    733.        ] \n",
      "\n",
      "distance between real 2d and calc 2d: 40.743136074043996\n",
